9.862265e+001,4.463442e+001
1.005511e+002,4.361286e+001
1.024796e+002,4.290969e+001
1.044081e+002,4.262741e+001
1.063365e+002,4.225778e+001
1.082650e+002,4.115469e+001
1.101935e+002,4.081372e+001
1.121219e+002,4.073233e+001
1.140504e+002,4.069671e+001
1.159789e+002,4.059171e+001
1.179073e+002,4.025069e+001
1.198358e+002,3.950072e+001
1.217643e+002,3.944608e+001
1.236927e+002,3.983159e+001
1.256212e+002,3.960689e+001
1.275497e+002,3.917015e+001
1.294781e+002,3.901654e+001
1.314066e+002,3.959047e+001
1.333351e+002,4.015898e+001
1.352635e+002,3.895943e+001
1.371920e+002,3.768832e+001
1.391205e+002,3.762927e+001
1.410489e+002,3.842052e+001
1.429774e+002,3.897843e+001
1.449059e+002,3.779791e+001
1.468343e+002,3.826970e+001
1.487628e+002,3.933286e+001
1.506913e+002,3.959987e+001
1.526197e+002,3.837009e+001
1.545482e+002,3.698034e+001
1.564767e+002,3.672570e+001
1.584051e+002,3.690966e+001
1.603336e+002,3.699465e+001
1.622621e+002,3.674592e+001
1.641905e+002,3.663070e+001
1.661190e+002,3.734237e+001
1.680475e+002,3.733773e+001
1.699759e+002,3.702635e+001
1.719044e+002,3.758959e+001
1.738329e+002,3.638995e+001
1.757613e+002,3.654121e+001
1.776898e+002,3.743082e+001
1.796183e+002,3.771574e+001
1.815467e+002,3.637720e+001
1.834752e+002,3.784002e+001
1.854037e+002,3.804068e+001
1.873321e+002,3.786475e+001
1.892606e+002,3.786341e+001
1.911891e+002,3.754024e+001
1.931175e+002,3.691528e+001
1.950460e+002,3.700752e+001
1.969745e+002,3.737223e+001
1.989029e+002,3.753077e+001
2.008314e+002,3.739995e+001
2.027599e+002,3.795721e+001
2.046883e+002,3.778541e+001
2.066168e+002,3.724536e+001
2.085453e+002,3.686100e+001
2.104737e+002,3.674388e+001
2.124022e+002,3.629805e+001
2.143307e+002,3.659527e+001
2.162591e+002,3.709665e+001
2.181876e+002,3.713475e+001
2.201161e+002,3.660851e+001
2.220445e+002,3.615775e+001
2.239730e+002,3.623312e+001
2.259015e+002,3.627070e+001
2.278299e+002,3.598880e+001
2.297584e+002,3.618190e+001
2.316869e+002,3.668557e+001
2.336153e+002,3.759039e+001
2.355438e+002,3.810115e+001
2.374723e+002,3.750843e+001
2.394007e+002,3.584921e+001
2.413292e+002,3.607705e+001
2.432577e+002,3.594151e+001
2.451861e+002,3.564079e+001
2.471146e+002,3.577270e+001
2.490431e+002,3.623098e+001
2.509715e+002,3.800421e+001
2.529000e+002,3.632402e+001
2.548285e+002,3.537540e+001
2.567569e+002,3.747404e+001
2.586854e+002,3.673078e+001
2.606139e+002,3.690871e+001
2.625423e+002,3.619178e+001
2.644708e+002,3.519123e+001
2.663993e+002,3.480944e+001
2.683277e+002,3.524122e+001
2.702562e+002,3.580899e+001
2.721847e+002,3.667397e+001
2.741131e+002,3.732129e+001
2.760416e+002,3.714965e+001
2.779701e+002,3.583971e+001
2.798985e+002,3.548553e+001
2.818270e+002,3.641190e+001
2.837555e+002,3.666072e+001
2.856839e+002,3.527454e+001
2.876124e+002,3.345913e+001
2.895409e+002,3.451527e+001
2.914693e+002,3.557118e+001
2.933978e+002,3.559929e+001
2.953263e+002,3.475456e+001
2.972547e+002,3.408041e+001
2.991832e+002,3.392454e+001
3.011117e+002,3.317553e+001
3.030401e+002,3.294796e+001
3.049686e+002,3.387165e+001
3.068971e+002,3.553028e+001
3.088255e+002,3.557089e+001
3.107540e+002,3.489947e+001
3.126825e+002,3.364730e+001
3.146109e+002,3.226319e+001
3.165394e+002,3.159930e+001
3.184679e+002,3.331299e+001
3.203963e+002,3.341658e+001
3.223248e+002,3.314610e+001
3.242533e+002,3.354023e+001
3.261817e+002,3.462736e+001
3.281102e+002,3.436279e+001
3.300387e+002,3.420988e+001
3.319671e+002,3.367258e+001
3.338956e+002,3.375061e+001
3.358241e+002,3.454335e+001
3.377525e+002,3.363541e+001
3.396810e+002,3.247747e+001
3.416095e+002,3.221563e+001
3.435379e+002,3.218207e+001
3.454664e+002,3.210191e+001
3.473949e+002,3.266561e+001
3.493233e+002,3.294568e+001
3.512518e+002,3.311058e+001
3.531803e+002,3.362121e+001
3.551087e+002,3.400569e+001
3.570372e+002,3.333702e+001
3.589657e+002,3.265538e+001
3.608941e+002,3.309632e+001
3.628226e+002,3.246948e+001
3.647511e+002,3.163066e+001
3.666795e+002,3.220158e+001
3.686080e+002,3.251656e+001
3.705365e+002,3.239436e+001
3.724649e+002,3.182158e+001
3.743934e+002,3.158413e+001
3.763219e+002,3.209869e+001
3.782503e+002,3.263386e+001
3.801788e+002,3.171552e+001
3.821073e+002,3.172558e+001
3.840357e+002,3.212136e+001
3.859642e+002,3.207098e+001
3.878927e+002,3.136453e+001
3.898211e+002,3.163981e+001
3.917496e+002,3.192285e+001
3.936781e+002,3.167693e+001
3.956065e+002,3.188819e+001
3.975350e+002,3.307547e+001
3.994635e+002,3.177163e+001
4.013919e+002,3.021511e+001
4.033204e+002,3.159755e+001
4.052489e+002,3.216242e+001
4.071773e+002,3.026993e+001
4.091058e+002,3.082708e+001
4.110343e+002,3.098379e+001
4.129627e+002,3.177805e+001
4.148912e+002,3.195668e+001
4.168197e+002,3.151839e+001
4.187481e+002,3.156969e+001
4.206766e+002,3.196924e+001
4.226051e+002,3.181845e+001
4.245335e+002,3.155906e+001
4.264620e+002,3.155875e+001
4.283905e+002,3.198090e+001
4.303189e+002,3.267857e+001
4.322474e+002,3.262973e+001
4.341759e+002,3.142773e+001
4.361043e+002,3.147685e+001
4.380328e+002,3.233654e+001
4.399613e+002,3.119658e+001
4.418897e+002,3.157401e+001
4.438182e+002,3.180331e+001
4.457467e+002,3.168831e+001
4.476751e+002,3.187148e+001
4.496036e+002,3.237054e+001
4.515321e+002,3.118566e+001
4.534605e+002,3.067844e+001
4.553890e+002,3.163960e+001
4.573175e+002,3.297143e+001
4.592459e+002,3.362673e+001
4.611744e+002,3.334871e+001
4.631029e+002,3.297620e+001
4.650313e+002,3.243241e+001
4.669598e+002,3.223665e+001
4.688883e+002,3.251694e+001
4.708167e+002,3.273095e+001
4.727452e+002,3.168301e+001
4.746737e+002,3.193153e+001
4.766021e+002,3.256483e+001
4.785306e+002,3.177888e+001
4.804591e+002,3.072877e+001
4.823875e+002,3.199147e+001
4.843160e+002,3.296597e+001
4.862445e+002,3.133195e+001
4.881729e+002,3.127981e+001
4.901014e+002,3.206532e+001
4.920299e+002,3.228864e+001
4.939583e+002,3.248291e+001
4.958868e+002,3.173520e+001
4.978153e+002,3.146713e+001
4.997437e+002,3.145786e+001
5.016722e+002,3.167873e+001
5.036007e+002,3.209105e+001
5.055291e+002,3.204355e+001
5.074576e+002,3.086970e+001
5.093861e+002,3.088720e+001
5.113145e+002,3.148667e+001
5.132430e+002,3.203048e+001
5.151715e+002,3.254065e+001
5.171000e+002,3.273154e+001
5.190284e+002,3.318990e+001
5.209569e+002,3.117309e+001
5.228854e+002,2.967989e+001
5.248138e+002,3.080124e+001
5.267423e+002,3.184759e+001
5.286708e+002,3.175571e+001
5.305992e+002,3.181311e+001
5.325277e+002,3.202961e+001
5.344562e+002,3.188811e+001
5.363846e+002,3.131910e+001
5.383131e+002,3.161580e+001
5.402416e+002,3.230727e+001
5.421700e+002,3.234784e+001
5.440985e+002,3.213617e+001
5.460270e+002,3.194946e+001
5.479554e+002,3.180611e+001
5.498839e+002,3.192404e+001
5.518124e+002,3.265767e+001
5.537408e+002,3.330000e+001
5.556693e+002,3.304187e+001
5.575978e+002,3.191932e+001
5.595262e+002,3.105218e+001
5.614547e+002,3.236718e+001
5.633832e+002,3.310200e+001
5.653116e+002,3.247561e+001
5.672401e+002,3.160694e+001
5.691686e+002,3.113954e+001
5.710970e+002,3.057496e+001
5.730255e+002,3.166031e+001
5.749540e+002,3.270618e+001
5.768824e+002,3.263636e+001
5.788109e+002,3.203729e+001
5.807394e+002,3.176198e+001
5.826678e+002,3.183055e+001
5.845963e+002,3.159547e+001
5.865248e+002,3.137029e+001
5.884532e+002,3.177640e+001
5.903817e+002,3.229360e+001
5.923102e+002,3.241701e+001
5.942386e+002,3.250288e+001
5.961671e+002,3.062024e+001
5.980956e+002,3.247918e+001
6.000240e+002,3.276963e+001
6.019525e+002,3.170430e+001
6.038810e+002,3.171614e+001
6.058094e+002,3.231474e+001
6.077379e+002,3.218960e+001
6.096664e+002,3.212948e+001
6.115948e+002,3.237569e+001
6.135233e+002,3.232092e+001
6.154518e+002,3.162605e+001
6.173802e+002,3.126429e+001
6.193087e+002,3.192115e+001
6.212372e+002,3.127938e+001
6.231656e+002,3.109359e+001
6.250941e+002,3.177794e+001
6.270226e+002,3.249078e+001
6.289510e+002,3.226358e+001
6.308795e+002,3.207755e+001
6.328080e+002,3.193211e+001
6.347365e+002,3.284450e+001
6.366649e+002,3.274172e+001
6.385934e+002,3.092022e+001
6.405219e+002,3.125710e+001
6.424503e+002,3.182183e+001
6.443788e+002,3.132110e+001
6.463073e+002,3.151550e+001
6.482357e+002,3.223841e+001
6.501642e+002,3.252779e+001
6.520927e+002,3.206792e+001
6.540211e+002,3.148214e+001
6.559496e+002,3.094159e+001
6.578781e+002,3.161490e+001
6.598065e+002,3.174205e+001
6.617350e+002,3.111131e+001
6.636635e+002,3.219024e+001
6.655919e+002,3.229652e+001
6.675204e+002,3.262484e+001
6.694489e+002,3.307069e+001
6.713773e+002,3.269541e+001
6.733058e+002,3.167250e+001
6.752343e+002,3.134071e+001
6.771627e+002,3.177314e+001
6.790912e+002,3.290350e+001
6.810197e+002,3.341653e+001
6.829481e+002,3.298780e+001
6.848766e+002,3.228049e+001
6.868051e+002,3.213287e+001
6.887335e+002,3.219143e+001
6.906620e+002,3.165138e+001
6.925905e+002,3.166775e+001
6.945189e+002,3.258294e+001
6.964474e+002,3.336455e+001
6.983759e+002,3.329740e+001
7.003043e+002,3.349481e+001
7.022328e+002,3.136312e+001
7.041613e+002,3.188299e+001
7.060897e+002,3.198022e+001
7.080182e+002,3.162688e+001
7.099467e+002,3.167700e+001
7.118751e+002,3.167600e+001
7.138036e+002,3.089906e+001
7.157321e+002,3.220763e+001
7.176605e+002,3.298796e+001
7.195890e+002,3.263469e+001
7.215175e+002,3.179757e+001
7.234459e+002,3.146850e+001
7.253744e+002,3.200046e+001
7.273029e+002,3.282491e+001
7.292313e+002,3.258320e+001
7.311598e+002,3.193763e+001
7.330883e+002,3.183505e+001
7.350167e+002,3.238794e+001
7.369452e+002,3.247490e+001
7.388737e+002,3.193650e+001
7.408021e+002,3.181057e+001
7.427306e+002,3.266614e+001
7.446591e+002,3.331173e+001
7.465875e+002,3.333047e+001
7.485160e+002,3.336844e+001
7.504445e+002,3.204454e+001
7.523729e+002,3.125473e+001
7.543014e+002,3.154589e+001
7.562299e+002,3.193653e+001
7.581583e+002,3.203548e+001
7.600868e+002,3.200734e+001
7.620153e+002,3.183882e+001
7.639437e+002,3.149387e+001
7.658722e+002,3.212632e+001
7.678007e+002,3.207756e+001
7.697291e+002,3.158172e+001
7.716576e+002,3.097589e+001
7.735861e+002,3.033005e+001
7.755145e+002,3.128964e+001
7.774430e+002,3.262270e+001
7.793715e+002,3.325092e+001
7.812999e+002,3.304825e+001
7.832284e+002,3.240143e+001
7.851569e+002,3.188946e+001
7.870853e+002,3.193194e+001
7.890138e+002,3.226384e+001
7.909423e+002,3.303696e+001
7.928707e+002,3.282696e+001
7.947992e+002,3.192673e+001
7.967277e+002,3.150596e+001
7.986561e+002,3.219113e+001
8.005846e+002,3.276617e+001
8.025131e+002,3.239025e+001
8.044415e+002,3.182026e+001
8.063700e+002,3.302928e+001
8.082985e+002,3.326725e+001
8.102269e+002,3.145886e+001
8.121554e+002,3.042436e+001
8.140839e+002,3.120629e+001
8.160123e+002,3.472126e+001
8.179408e+002,3.409512e+001
8.198693e+002,3.321166e+001
8.217977e+002,3.272812e+001
8.237262e+002,3.189137e+001
8.256547e+002,3.183584e+001
8.275831e+002,3.264762e+001
8.295116e+002,3.328632e+001
8.314401e+002,3.331370e+001
8.333685e+002,3.273958e+001
8.352970e+002,3.220872e+001
8.372255e+002,3.246996e+001
8.391539e+002,3.342369e+001
8.410824e+002,3.249625e+001
8.430109e+002,3.355170e+001
8.449393e+002,3.303362e+001
8.468678e+002,3.291707e+001
8.487963e+002,3.335809e+001
8.507247e+002,3.324542e+001
8.526532e+002,3.359362e+001
8.545817e+002,3.083979e+001
8.565101e+002,3.166361e+001
8.584386e+002,3.238398e+001
8.603671e+002,3.266581e+001
8.622955e+002,3.266717e+001
8.642240e+002,3.234229e+001
8.661525e+002,3.233189e+001
8.680809e+002,3.309483e+001
8.700094e+002,3.349218e+001
8.719379e+002,3.365243e+001
8.738663e+002,3.279655e+001
8.757948e+002,3.128821e+001
8.777233e+002,3.103607e+001
8.796517e+002,3.351868e+001
8.815802e+002,3.183813e+001
8.835087e+002,3.279573e+001
8.854371e+002,3.315205e+001
8.873656e+002,3.336261e+001
8.892941e+002,3.338304e+001
8.912225e+002,3.300357e+001
8.931510e+002,3.380340e+001
8.950795e+002,3.368283e+001
8.970079e+002,3.367237e+001
8.989364e+002,3.366991e+001
9.008649e+002,3.356016e+001
9.027933e+002,3.345789e+001
9.047218e+002,3.357459e+001
9.066503e+002,3.401651e+001
9.085787e+002,3.501611e+001
9.105072e+002,3.315538e+001
9.124357e+002,3.294019e+001
9.143641e+002,3.324492e+001
9.162926e+002,3.316166e+001
9.182211e+002,3.339082e+001
9.201495e+002,3.477065e+001
9.220780e+002,3.499155e+001
9.240065e+002,3.423366e+001
9.259349e+002,3.387327e+001
9.278634e+002,3.332293e+001
9.297919e+002,3.296075e+001
9.317203e+002,3.299868e+001
9.336488e+002,3.295477e+001
9.355773e+002,3.298825e+001
9.375057e+002,3.388950e+001
9.394342e+002,3.420741e+001
9.413627e+002,3.313723e+001
9.432911e+002,3.257088e+001
9.452196e+002,3.334165e+001
9.471481e+002,3.443789e+001
9.490765e+002,3.477434e+001
9.510050e+002,3.325714e+001
9.529335e+002,3.097425e+001
9.548619e+002,3.337796e+001
9.567904e+002,3.449101e+001
9.587189e+002,3.369609e+001
9.606473e+002,3.372189e+001
9.625758e+002,3.431800e+001
9.645043e+002,3.393587e+001
9.664327e+002,3.314436e+001
9.683612e+002,3.298106e+001
9.702897e+002,3.422913e+001
9.722181e+002,3.554964e+001
9.741466e+002,3.524815e+001
9.760751e+002,3.365464e+001
9.780035e+002,3.363438e+001
9.799320e+002,3.355388e+001
9.818605e+002,3.337046e+001
9.837889e+002,3.424488e+001
9.857174e+002,3.439637e+001
9.876459e+002,3.373738e+001
9.895743e+002,3.370922e+001
9.915028e+002,3.463778e+001
9.934313e+002,3.361002e+001
9.953597e+002,3.454358e+001
9.972882e+002,3.558323e+001
9.992167e+002,3.540224e+001
1.001145e+003,3.421494e+001
1.003074e+003,3.376825e+001
1.005002e+003,3.501394e+001
1.006931e+003,3.611284e+001
1.008859e+003,3.520437e+001
1.010787e+003,3.440924e+001
1.012716e+003,3.343119e+001
1.014644e+003,3.469360e+001
1.016573e+003,3.466320e+001
1.018501e+003,3.386171e+001
1.020430e+003,3.546971e+001
1.022358e+003,3.484780e+001
1.024287e+003,3.683569e+001
1.026215e+003,3.506967e+001
1.028144e+003,3.375131e+001
1.030072e+003,3.391042e+001
1.032001e+003,3.516442e+001
1.033929e+003,3.637642e+001
1.035858e+003,3.624586e+001
1.037786e+003,3.445075e+001
1.039714e+003,3.412784e+001
1.041643e+003,3.516796e+001
1.043571e+003,3.497288e+001
1.045500e+003,3.535847e+001
1.047428e+003,3.619379e+001
1.049357e+003,3.667085e+001
1.051285e+003,3.652027e+001
1.053214e+003,3.432565e+001
1.055142e+003,3.674777e+001
1.057071e+003,3.513373e+001
1.058999e+003,3.549439e+001
1.060928e+003,3.685317e+001
1.062856e+003,3.674044e+001
1.064785e+003,3.574370e+001
1.066713e+003,3.615606e+001
1.068641e+003,3.626626e+001
1.070570e+003,3.698648e+001
1.072498e+003,3.709567e+001
1.074427e+003,3.607555e+001
1.076355e+003,3.607779e+001
1.078284e+003,3.720219e+001
1.080212e+003,3.757592e+001
1.082141e+003,3.640650e+001
1.084069e+003,3.616394e+001
1.085998e+003,3.628746e+001
1.087926e+003,3.498755e+001
1.089855e+003,3.529220e+001
1.091783e+003,3.566895e+001
1.093712e+003,3.621714e+001
1.095640e+003,3.684992e+001
1.097568e+003,3.705454e+001
1.099497e+003,3.755669e+001
1.101425e+003,3.744330e+001
1.103354e+003,3.830929e+001
1.105282e+003,3.886558e+001
1.107211e+003,3.738499e+001
1.109139e+003,3.550888e+001
1.111068e+003,3.564199e+001
1.112996e+003,3.752034e+001
1.114925e+003,3.825716e+001
1.116853e+003,3.755159e+001
1.118782e+003,3.625428e+001
1.120710e+003,3.631318e+001
1.122639e+003,3.699339e+001
1.124567e+003,3.689322e+001
1.126495e+003,3.643924e+001
1.128424e+003,3.638653e+001
1.130352e+003,3.664825e+001
1.132281e+003,3.716912e+001
1.134209e+003,3.736538e+001
1.136138e+003,3.650243e+001
1.138066e+003,3.712310e+001
1.139995e+003,3.859220e+001
1.141923e+003,3.897752e+001
1.143852e+003,3.845385e+001
1.145780e+003,3.832098e+001
1.147709e+003,3.826476e+001
1.149637e+003,3.706969e+001
1.151566e+003,3.863220e+001
1.153494e+003,3.835049e+001
1.155422e+003,3.853185e+001
1.157351e+003,3.729351e+001
1.159279e+003,3.775391e+001
1.161208e+003,3.931999e+001
1.163136e+003,3.878210e+001
1.165065e+003,3.890525e+001
1.166993e+003,3.849954e+001
1.168922e+003,3.699361e+001
1.170850e+003,3.681104e+001
1.172779e+003,3.819714e+001
1.174707e+003,3.919110e+001
1.176636e+003,3.872351e+001
1.178564e+003,3.793507e+001
1.180493e+003,3.855036e+001
1.182421e+003,3.981817e+001
1.184349e+003,3.820387e+001
1.186278e+003,3.941047e+001
1.188206e+003,3.841275e+001
1.190135e+003,3.788707e+001
1.192063e+003,3.879459e+001
1.193992e+003,3.930399e+001
1.195920e+003,3.905728e+001
1.197849e+003,3.921524e+001
1.199777e+003,3.864330e+001
1.201706e+003,4.047868e+001
1.203634e+003,4.049600e+001
1.205563e+003,3.942946e+001
1.207491e+003,3.895006e+001
1.209420e+003,3.901426e+001
1.211348e+003,3.985152e+001
1.213276e+003,4.080956e+001
1.215205e+003,4.106126e+001
1.217133e+003,4.156361e+001
1.219062e+003,4.071396e+001
1.220990e+003,3.986022e+001
1.222919e+003,4.037139e+001
1.224847e+003,4.198773e+001
1.226776e+003,4.266443e+001
1.228704e+003,4.121563e+001
1.230633e+003,3.977040e+001
1.232561e+003,4.057178e+001
1.234490e+003,4.198130e+001
1.236418e+003,4.255102e+001
1.238347e+003,4.177445e+001
1.240275e+003,4.117124e+001
1.242203e+003,4.140069e+001
1.244132e+003,4.136241e+001
1.246060e+003,4.117723e+001
1.247989e+003,4.159692e+001
1.249917e+003,4.248978e+001
1.251846e+003,4.294517e+001
1.253774e+003,4.287068e+001
1.255703e+003,4.165974e+001
1.257631e+003,4.282391e+001
1.259560e+003,4.169030e+001
1.261488e+003,4.158202e+001
1.263417e+003,4.289680e+001
1.265345e+003,4.358543e+001
1.267274e+003,4.275856e+001
1.269202e+003,4.159433e+001
1.271130e+003,4.122326e+001
1.273059e+003,4.158955e+001
1.274987e+003,4.285829e+001
1.276916e+003,4.367473e+001
1.278844e+003,4.251587e+001
1.280773e+003,4.306234e+001
1.282701e+003,4.374922e+001
1.284630e+003,4.468339e+001
1.286558e+003,4.445779e+001
1.288487e+003,4.253653e+001
1.290415e+003,4.441777e+001
1.292344e+003,4.257251e+001
1.294272e+003,4.374594e+001
1.296201e+003,4.572366e+001
1.298129e+003,4.573869e+001
1.300057e+003,4.407493e+001
1.301986e+003,4.424145e+001
1.303914e+003,4.534743e+001
1.305843e+003,4.482823e+001
1.307771e+003,4.380391e+001
1.309700e+003,4.466170e+001
1.311628e+003,4.449379e+001
1.313557e+003,4.449892e+001
1.315485e+003,4.309237e+001
1.317414e+003,4.534725e+001
1.319342e+003,4.528214e+001
1.321271e+003,4.401157e+001
1.323199e+003,4.469314e+001
1.325128e+003,4.614785e+001
1.327056e+003,4.559612e+001
1.328984e+003,4.477418e+001
1.330913e+003,4.631461e+001
1.332841e+003,4.735850e+001
1.334770e+003,4.720813e+001
1.336698e+003,4.548296e+001
1.338627e+003,4.479336e+001
1.340555e+003,4.673473e+001
1.342484e+003,4.812334e+001
1.344412e+003,4.704079e+001
1.346341e+003,4.599021e+001
1.348269e+003,4.714136e+001
1.350198e+003,4.781015e+001
1.352126e+003,4.711642e+001
1.354055e+003,4.715899e+001
1.355983e+003,4.687760e+001
1.357911e+003,4.659452e+001
1.359840e+003,4.566566e+001
1.361768e+003,4.553601e+001
1.363697e+003,4.626133e+001
1.365625e+003,4.704456e+001
1.367554e+003,4.772621e+001
1.369482e+003,4.787191e+001
1.371411e+003,4.735695e+001
1.373339e+003,4.699754e+001
1.375268e+003,4.707508e+001
1.377196e+003,4.742900e+001
1.379125e+003,4.764576e+001
1.381053e+003,4.887153e+001
1.382982e+003,4.902342e+001
1.384910e+003,4.790435e+001
1.386839e+003,4.723077e+001
1.388767e+003,4.673104e+001
1.390695e+003,4.578684e+001
1.392624e+003,4.832401e+001
1.394552e+003,4.723547e+001
1.396481e+003,4.703526e+001
1.398409e+003,4.738346e+001
1.400338e+003,4.732455e+001
1.402266e+003,4.729792e+001
1.404195e+003,4.753767e+001
1.406123e+003,4.801115e+001
1.408052e+003,4.871474e+001
1.409980e+003,4.938650e+001
1.411909e+003,4.937741e+001
1.413837e+003,4.860490e+001
1.415766e+003,4.733332e+001
1.417694e+003,4.894018e+001
1.419622e+003,4.979330e+001
1.421551e+003,4.862178e+001
1.423479e+003,4.855575e+001
1.425408e+003,4.923692e+001
1.427336e+003,4.856450e+001
1.429265e+003,4.746748e+001
1.431193e+003,4.777536e+001
1.433122e+003,4.825899e+001
1.435050e+003,4.834249e+001
1.436979e+003,4.811036e+001
1.438907e+003,4.749492e+001
1.440836e+003,4.999418e+001
1.442764e+003,5.056436e+001
1.444693e+003,4.849958e+001
1.446621e+003,4.764214e+001
1.448549e+003,4.839820e+001
1.450478e+003,4.804745e+001
1.452406e+003,4.652694e+001
1.454335e+003,4.661028e+001
1.456263e+003,4.770007e+001
1.458192e+003,4.633889e+001
1.460120e+003,4.792192e+001
1.462049e+003,4.888517e+001
1.463977e+003,4.625854e+001
1.465906e+003,4.534512e+001
1.467834e+003,4.726884e+001
1.469763e+003,4.747544e+001
1.471691e+003,4.721163e+001
1.473620e+003,4.856420e+001
1.475548e+003,4.800986e+001
1.477476e+003,4.560684e+001
1.479405e+003,4.791843e+001
1.481333e+003,4.671943e+001
1.483262e+003,4.742544e+001
1.485190e+003,4.807103e+001
1.487119e+003,4.616457e+001
1.489047e+003,4.656560e+001
1.490976e+003,4.679593e+001
1.492904e+003,4.684878e+001
1.494833e+003,4.689873e+001
1.496761e+003,4.685808e+001
1.498690e+003,4.674277e+001
1.500618e+003,4.674841e+001
1.502547e+003,4.741495e+001
1.504475e+003,4.839788e+001
1.506403e+003,4.609005e+001
1.508332e+003,4.845905e+001
1.510260e+003,4.645910e+001
1.512189e+003,4.708173e+001
1.514117e+003,4.785318e+001
1.516046e+003,4.886000e+001
1.517974e+003,4.826979e+001
1.519903e+003,4.750314e+001
1.521831e+003,4.807940e+001
1.523760e+003,4.844540e+001
1.525688e+003,4.728489e+001
1.527617e+003,4.673881e+001
1.529545e+003,4.843081e+001
1.531474e+003,4.996261e+001
1.533402e+003,4.945629e+001
1.535330e+003,4.896477e+001
1.537259e+003,4.802269e+001
1.539187e+003,4.733807e+001
1.541116e+003,4.843115e+001
1.543044e+003,4.960213e+001
1.544973e+003,4.895838e+001
1.546901e+003,4.889682e+001
1.548830e+003,4.891097e+001
1.550758e+003,4.866958e+001
1.552687e+003,5.085373e+001
1.554615e+003,5.097375e+001
1.556544e+003,5.057227e+001
1.558472e+003,5.038882e+001
1.560401e+003,5.072015e+001
1.562329e+003,5.232144e+001
1.564257e+003,5.202845e+001
1.566186e+003,4.890582e+001
1.568114e+003,4.872262e+001
1.570043e+003,4.960216e+001
1.571971e+003,5.022541e+001
1.573900e+003,5.095687e+001
1.575828e+003,5.141432e+001
1.577757e+003,5.149435e+001
1.579685e+003,5.175708e+001
1.581614e+003,5.150547e+001
1.583542e+003,5.118034e+001
1.585471e+003,5.281969e+001
1.587399e+003,5.119723e+001
1.589328e+003,5.163247e+001
1.591256e+003,5.280397e+001
1.593184e+003,5.020046e+001
1.595113e+003,4.965866e+001
1.597041e+003,5.003898e+001
1.598970e+003,5.014186e+001
1.600898e+003,5.103600e+001
1.602827e+003,5.147976e+001
1.604755e+003,5.077117e+001
1.606684e+003,5.001715e+001
1.608612e+003,4.779045e+001
1.610541e+003,4.719742e+001
1.612469e+003,4.753915e+001
1.614398e+003,4.876411e+001
1.616326e+003,4.955186e+001
1.618255e+003,4.928561e+001
1.620183e+003,4.782489e+001
1.622111e+003,4.804968e+001
1.624040e+003,4.985387e+001
1.625968e+003,4.847842e+001
1.627897e+003,4.538902e+001
1.629825e+003,4.465541e+001
1.631754e+003,4.597492e+001
1.633682e+003,4.654985e+001
1.635611e+003,4.603921e+001
1.637539e+003,4.589341e+001
1.639468e+003,4.574353e+001
1.641396e+003,4.434748e+001
1.643325e+003,4.500080e+001
1.645253e+003,4.388923e+001
1.647182e+003,4.445557e+001
1.649110e+003,4.509927e+001
1.651038e+003,4.482870e+001
1.652967e+003,4.445380e+001
1.654895e+003,4.392992e+001
1.656824e+003,4.391515e+001
1.658752e+003,4.458045e+001
1.660681e+003,4.439333e+001
1.662609e+003,4.297704e+001
1.664538e+003,4.268777e+001
1.666466e+003,4.423710e+001
1.668395e+003,4.410093e+001
1.670323e+003,4.195917e+001
1.672252e+003,4.399600e+001
1.674180e+003,4.386689e+001
1.676109e+003,4.356129e+001
1.678037e+003,4.280372e+001
1.679965e+003,4.377963e+001
1.681894e+003,4.330015e+001
1.683822e+003,4.195351e+001
1.685751e+003,4.345007e+001
1.687679e+003,4.321365e+001
1.689608e+003,4.233902e+001
1.691536e+003,4.159511e+001
1.693465e+003,4.262221e+001
1.695393e+003,4.357817e+001
1.697322e+003,4.233393e+001
1.699250e+003,4.292415e+001
1.701179e+003,4.282006e+001
1.703107e+003,4.493781e+001
1.705036e+003,4.431646e+001
1.706964e+003,4.273709e+001
1.708892e+003,4.071213e+001
1.710821e+003,4.101259e+001
1.712749e+003,4.316127e+001
1.714678e+003,4.378942e+001
1.716606e+003,4.296841e+001
1.718535e+003,4.266058e+001
1.720463e+003,4.332219e+001
1.722392e+003,4.322597e+001
1.724320e+003,4.142714e+001
1.726249e+003,4.187981e+001
1.728177e+003,4.369357e+001
1.730106e+003,4.291264e+001
1.732034e+003,4.211398e+001
1.733963e+003,4.272099e+001
1.735891e+003,4.196376e+001
1.737819e+003,4.291844e+001
1.739748e+003,4.337963e+001
1.741676e+003,4.300270e+001
1.743605e+003,4.266214e+001
1.745533e+003,4.234396e+001
1.747462e+003,4.221658e+001
1.749390e+003,4.108209e+001
1.751319e+003,4.271422e+001
1.753247e+003,4.283208e+001
1.755176e+003,4.181610e+001
1.757104e+003,4.050734e+001
1.759033e+003,4.237777e+001
1.760961e+003,4.287695e+001
1.762890e+003,4.341534e+001
1.764818e+003,4.407902e+001
1.766746e+003,4.175917e+001
1.768675e+003,4.061622e+001
1.770603e+003,4.215347e+001
1.772532e+003,4.287508e+001
1.774460e+003,4.274583e+001
1.776389e+003,4.335832e+001
1.778317e+003,4.205905e+001
1.780246e+003,4.056762e+001
1.782174e+003,4.305608e+001
1.784103e+003,4.254309e+001
1.786031e+003,4.305730e+001
1.787960e+003,4.197274e+001
1.789888e+003,4.350530e+001
1.791817e+003,4.240301e+001
1.793745e+003,4.169560e+001
1.795673e+003,4.192818e+001
1.797602e+003,4.202651e+001
1.799530e+003,4.328959e+001
1.801459e+003,4.385026e+001
1.803387e+003,4.205734e+001
1.805316e+003,4.169120e+001
1.807244e+003,4.339803e+001
1.809173e+003,4.307658e+001
1.811101e+003,4.203896e+001
1.813030e+003,4.254592e+001
1.814958e+003,4.243430e+001
1.816887e+003,4.072897e+001
1.818815e+003,4.167927e+001
1.820744e+003,4.152169e+001
1.822672e+003,4.223101e+001
1.824600e+003,4.239543e+001
1.826529e+003,4.228948e+001
1.828457e+003,4.255404e+001
1.830386e+003,4.274324e+001
1.832314e+003,4.244647e+001
1.834243e+003,4.191174e+001
1.836171e+003,4.213217e+001
1.838100e+003,4.345379e+001
1.840028e+003,4.239924e+001
1.841957e+003,4.199992e+001
1.843885e+003,4.202057e+001
1.845814e+003,4.262837e+001
1.847742e+003,4.204176e+001
1.849671e+003,4.149686e+001
1.851599e+003,4.231962e+001
1.853527e+003,4.335344e+001
1.855456e+003,4.491205e+001
1.857384e+003,4.204528e+001
1.859313e+003,4.145137e+001
1.861241e+003,4.203660e+001
1.863170e+003,4.096562e+001
1.865098e+003,4.134200e+001
1.867027e+003,4.178477e+001
1.868955e+003,4.310548e+001
1.870884e+003,4.352126e+001
1.872812e+003,4.288777e+001
1.874741e+003,4.336628e+001
1.876669e+003,4.113404e+001
1.878598e+003,4.232784e+001
1.880526e+003,4.321130e+001
1.882454e+003,4.284816e+001
1.884383e+003,4.275130e+001
1.886311e+003,4.302955e+001
1.888240e+003,4.261749e+001
1.890168e+003,4.185498e+001
1.892097e+003,4.152216e+001
1.894025e+003,4.145966e+001
1.895954e+003,4.204892e+001
1.897882e+003,4.292474e+001
1.899811e+003,4.343067e+001
1.901739e+003,4.389263e+001
1.903668e+003,4.367621e+001
1.905596e+003,4.246387e+001
1.907525e+003,4.228400e+001
1.909453e+003,4.330729e+001
1.911381e+003,4.376420e+001
1.913310e+003,4.398118e+001
1.915238e+003,4.342492e+001
1.917167e+003,4.230051e+001
1.919095e+003,4.174817e+001
1.921024e+003,4.200163e+001
1.922952e+003,4.281769e+001
1.924881e+003,4.424945e+001
1.926809e+003,4.494924e+001
1.928738e+003,4.364343e+001
1.930666e+003,4.404642e+001
1.932595e+003,4.349192e+001
1.934523e+003,4.271105e+001
1.936452e+003,4.382910e+001
1.938380e+003,4.180683e+001
1.940308e+003,4.135353e+001
1.942237e+003,4.327551e+001
1.944165e+003,4.415240e+001
1.946094e+003,4.327291e+001
1.948022e+003,4.259148e+001
1.949951e+003,4.297889e+001
1.951879e+003,4.358610e+001
1.953808e+003,4.344121e+001
1.955736e+003,4.260113e+001
1.957665e+003,4.292569e+001
1.959593e+003,4.245453e+001
1.961522e+003,4.219157e+001
1.963450e+003,4.398240e+001
1.965379e+003,4.438826e+001
1.967307e+003,4.363019e+001
1.969235e+003,4.290270e+001
1.971164e+003,4.315042e+001
1.973092e+003,4.292773e+001
1.975021e+003,4.270682e+001
1.976949e+003,4.251961e+001
1.978878e+003,4.313297e+001
1.980806e+003,4.389711e+001
1.982735e+003,4.348986e+001
1.984663e+003,4.442232e+001
1.986592e+003,4.326897e+001
1.988520e+003,4.303591e+001
1.990449e+003,4.353241e+001
1.992377e+003,4.342252e+001
1.994306e+003,4.504538e+001
1.996234e+003,4.312964e+001
1.998162e+003,4.326635e+001
2.000091e+003,4.451492e+001
2.002019e+003,4.547838e+001
2.003948e+003,4.479646e+001
2.005876e+003,4.322360e+001
2.007805e+003,4.285669e+001
2.009733e+003,4.408984e+001
2.011662e+003,4.563824e+001
2.013590e+003,4.532547e+001
2.015519e+003,4.287567e+001
2.017447e+003,4.485832e+001
2.019376e+003,4.394044e+001
2.021304e+003,4.308306e+001
2.023233e+003,4.294035e+001
2.025161e+003,4.274224e+001
2.027089e+003,4.313446e+001
2.029018e+003,4.488975e+001
2.030946e+003,4.447824e+001
2.032875e+003,4.256326e+001
2.034803e+003,4.303688e+001
2.036732e+003,4.340966e+001
2.038660e+003,4.205723e+001
2.040589e+003,4.376886e+001
2.042517e+003,4.488100e+001
2.044446e+003,4.197959e+001
2.046374e+003,4.131516e+001
2.048302e+003,4.281862e+001
2.050231e+003,4.262887e+001
2.052159e+003,4.218848e+001
2.054088e+003,4.308645e+001
2.056016e+003,4.282344e+001
2.057945e+003,4.251370e+001
2.059873e+003,4.248506e+001
2.061802e+003,4.165074e+001
2.063730e+003,4.148176e+001
2.065659e+003,4.187377e+001
2.067587e+003,4.134024e+001
2.069516e+003,4.171302e+001
2.071444e+003,4.237510e+001
2.073373e+003,4.172780e+001
2.075301e+003,4.076095e+001
2.077229e+003,4.258015e+001
2.079158e+003,4.200475e+001
2.081086e+003,4.198685e+001
2.083015e+003,4.215124e+001
2.084943e+003,4.240915e+001
2.086872e+003,4.166802e+001
2.088800e+003,4.326985e+001
2.090729e+003,4.354611e+001
2.092657e+003,4.145250e+001
2.094586e+003,4.241664e+001
2.096514e+003,4.380025e+001
2.098443e+003,4.183929e+001
2.100371e+003,4.268115e+001
2.102300e+003,4.326406e+001
2.104228e+003,4.275926e+001
2.106156e+003,4.307138e+001
2.108085e+003,4.249019e+001
2.110013e+003,4.165088e+001
2.111942e+003,4.297080e+001
2.113870e+003,4.323645e+001
2.115799e+003,4.218173e+001
2.117727e+003,4.214328e+001
2.119656e+003,4.259736e+001
2.121584e+003,4.293192e+001
2.123513e+003,4.409127e+001
2.125441e+003,4.399338e+001
2.127370e+003,4.426919e+001
2.129298e+003,4.465109e+001
2.131227e+003,4.504228e+001
2.133155e+003,4.215501e+001
2.135083e+003,4.488527e+001
2.137012e+003,4.442982e+001
2.138940e+003,4.209761e+001
2.140869e+003,4.484569e+001
2.142797e+003,4.591162e+001
2.144726e+003,4.383299e+001
2.146654e+003,4.384350e+001
2.148583e+003,4.538047e+001
2.150511e+003,4.510121e+001
2.152440e+003,4.470811e+001
2.154368e+003,4.420918e+001
2.156297e+003,4.438741e+001
2.158225e+003,4.509192e+001
2.160154e+003,4.441439e+001
2.162082e+003,4.554910e+001
2.164010e+003,4.608203e+001
2.165939e+003,4.618961e+001
2.167867e+003,4.619921e+001
2.169796e+003,4.526861e+001
2.171724e+003,4.484486e+001
2.173653e+003,4.540548e+001
2.175581e+003,4.542869e+001
2.177510e+003,4.544269e+001
2.179438e+003,4.625283e+001
2.181367e+003,4.518438e+001
2.183295e+003,4.492830e+001
2.185224e+003,4.787208e+001
2.187152e+003,4.679598e+001
2.189081e+003,4.456812e+001
2.191009e+003,4.428814e+001
2.192938e+003,4.610291e+001
2.194866e+003,4.634247e+001
2.196794e+003,4.421785e+001
2.198723e+003,4.396033e+001
2.200651e+003,4.564960e+001
2.202580e+003,4.565933e+001
2.204508e+003,4.474954e+001
2.206437e+003,4.564914e+001
2.208365e+003,4.579637e+001
2.210294e+003,4.456258e+001
2.212222e+003,4.469872e+001
2.214151e+003,4.584047e+001
2.216079e+003,4.391437e+001
2.218008e+003,4.386193e+001
2.219936e+003,4.507084e+001
2.221865e+003,4.485293e+001
2.223793e+003,4.484406e+001
2.225721e+003,4.537155e+001
2.227650e+003,4.616679e+001
2.229578e+003,4.664044e+001
2.231507e+003,4.589837e+001
2.233435e+003,4.494857e+001
2.235364e+003,4.518125e+001
2.237292e+003,4.577414e+001
2.239221e+003,4.450328e+001
2.241149e+003,4.409935e+001
2.243078e+003,4.753638e+001
2.245006e+003,4.458965e+001
2.246935e+003,4.485800e+001
2.248863e+003,4.505255e+001
2.250792e+003,4.409986e+001
2.252720e+003,4.504818e+001
2.254648e+003,4.575735e+001
2.256577e+003,4.454951e+001
2.258505e+003,4.459401e+001
2.260434e+003,4.572078e+001
2.262362e+003,4.462052e+001
2.264291e+003,4.642935e+001
2.266219e+003,4.590952e+001
2.268148e+003,4.551274e+001
2.270076e+003,4.561692e+001
2.272005e+003,4.486293e+001
2.273933e+003,4.416736e+001
2.275862e+003,4.542469e+001
2.277790e+003,4.438666e+001
2.279719e+003,4.419352e+001
2.281647e+003,4.503632e+001
2.283575e+003,4.558136e+001
2.285504e+003,4.511989e+001
2.287432e+003,4.439643e+001
2.289361e+003,4.625119e+001
2.291289e+003,4.789849e+001
2.293218e+003,4.534448e+001
2.295146e+003,4.481654e+001
2.297075e+003,4.584927e+001
2.299003e+003,4.515839e+001
2.300932e+003,4.555709e+001
2.302860e+003,4.607202e+001
2.304789e+003,4.550109e+001
2.306717e+003,4.611375e+001
2.308646e+003,4.645412e+001
2.310574e+003,4.537833e+001
2.312502e+003,4.554920e+001
2.314431e+003,4.594378e+001
2.316359e+003,4.431434e+001
2.318288e+003,4.550078e+001
2.320216e+003,4.568672e+001
2.322145e+003,4.677287e+001
2.324073e+003,4.659888e+001
2.326002e+003,4.647758e+001
2.327930e+003,4.681005e+001
2.329859e+003,4.620353e+001
2.331787e+003,4.501349e+001
2.333716e+003,4.523051e+001
2.335644e+003,4.618947e+001
2.337573e+003,4.725710e+001
2.339501e+003,4.730124e+001
2.341429e+003,4.614255e+001
2.343358e+003,4.575227e+001
2.345286e+003,4.612022e+001
2.347215e+003,4.595575e+001
2.349143e+003,4.630722e+001
2.351072e+003,4.634610e+001
2.353000e+003,4.650386e+001
2.354929e+003,4.757165e+001
2.356857e+003,4.662276e+001
2.358786e+003,4.543549e+001
2.360714e+003,4.639196e+001
2.362643e+003,4.729633e+001
2.364571e+003,4.698100e+001
2.366500e+003,4.598738e+001
2.368428e+003,4.527173e+001
2.370356e+003,4.621950e+001
2.372285e+003,4.539303e+001
2.374213e+003,4.591440e+001
2.376142e+003,4.671398e+001
2.378070e+003,4.481051e+001
2.379999e+003,4.638978e+001
2.381927e+003,4.581115e+001
2.383856e+003,4.590617e+001
2.385784e+003,4.673555e+001
2.387713e+003,4.613747e+001
2.389641e+003,4.417845e+001
2.391570e+003,4.330065e+001
2.393498e+003,4.463166e+001
2.395427e+003,4.639303e+001
2.397355e+003,4.711184e+001
2.399283e+003,4.609538e+001
2.401212e+003,4.579583e+001
2.403140e+003,4.654070e+001
2.405069e+003,4.873009e+001
2.406997e+003,4.636171e+001
2.408926e+003,4.586546e+001
2.410854e+003,4.799881e+001
2.412783e+003,4.679645e+001
2.414711e+003,4.615900e+001
2.416640e+003,4.536083e+001
2.418568e+003,4.626089e+001
2.420497e+003,4.728714e+001
2.422425e+003,4.595221e+001
2.424354e+003,4.671891e+001
2.426282e+003,4.703448e+001
2.428210e+003,4.699925e+001
2.430139e+003,4.727697e+001
2.432067e+003,4.799400e+001
2.433996e+003,4.787051e+001
2.435924e+003,4.675797e+001
2.437853e+003,4.568175e+001
2.439781e+003,4.697862e+001
2.441710e+003,4.775270e+001
2.443638e+003,4.696161e+001
2.445567e+003,4.842621e+001
2.447495e+003,4.757674e+001
2.449424e+003,4.632392e+001
2.451352e+003,4.731150e+001
2.453281e+003,4.760702e+001
2.455209e+003,4.746580e+001
2.457137e+003,4.933221e+001
2.459066e+003,4.755559e+001
2.460994e+003,4.806572e+001
2.462923e+003,4.805994e+001
2.464851e+003,4.676633e+001
2.466780e+003,4.803471e+001
2.468708e+003,4.844072e+001
2.470637e+003,4.704811e+001
2.472565e+003,4.651871e+001
2.474494e+003,4.664939e+001
2.476422e+003,4.773137e+001
2.478351e+003,4.798974e+001
2.480279e+003,4.773268e+001
2.482208e+003,4.890284e+001
2.484136e+003,4.719747e+001
2.486064e+003,4.820578e+001
2.487993e+003,4.799356e+001
2.489921e+003,4.762880e+001
2.491850e+003,4.837038e+001
2.493778e+003,4.944522e+001
2.495707e+003,4.764706e+001
2.497635e+003,4.693050e+001
2.499564e+003,4.725836e+001
2.501492e+003,4.716635e+001
2.503421e+003,4.828202e+001
2.505349e+003,4.756654e+001
2.507278e+003,4.918072e+001
2.509206e+003,4.877584e+001
2.511135e+003,4.742361e+001
2.513063e+003,4.711754e+001
2.514991e+003,4.882326e+001
2.516920e+003,4.871581e+001
2.518848e+003,4.802055e+001
2.520777e+003,4.846094e+001
2.522705e+003,4.972484e+001
2.524634e+003,4.864381e+001
2.526562e+003,4.541860e+001
2.528491e+003,4.702451e+001
2.530419e+003,5.059943e+001
2.532348e+003,4.958107e+001
2.534276e+003,4.746536e+001
2.536205e+003,4.826156e+001
2.538133e+003,4.912494e+001
2.540062e+003,4.924066e+001
2.541990e+003,4.892755e+001
2.543918e+003,5.028669e+001
2.545847e+003,5.044212e+001
2.547775e+003,4.897607e+001
2.549704e+003,4.873598e+001
2.551632e+003,4.786401e+001
2.553561e+003,5.001081e+001
2.555489e+003,4.890894e+001
2.557418e+003,4.776364e+001
2.559346e+003,5.020779e+001
2.561275e+003,4.886560e+001
2.563203e+003,4.932422e+001
2.565132e+003,4.979906e+001
2.567060e+003,4.953416e+001
2.568989e+003,4.928945e+001
2.570917e+003,5.075633e+001
2.572845e+003,5.125724e+001
2.574774e+003,5.050514e+001
2.576702e+003,4.889830e+001
2.578631e+003,4.855056e+001
2.580559e+003,4.922084e+001
2.582488e+003,4.787814e+001
2.584416e+003,4.991377e+001
2.586345e+003,5.033499e+001
2.588273e+003,4.987421e+001
2.590202e+003,4.870704e+001
2.592130e+003,4.989587e+001
2.594059e+003,4.969771e+001
2.595987e+003,4.787632e+001
2.597916e+003,4.867120e+001
2.599844e+003,5.009174e+001
2.601772e+003,5.019701e+001
2.603701e+003,5.013006e+001
2.605629e+003,4.848273e+001
2.607558e+003,4.949368e+001
2.609486e+003,4.827773e+001
2.611415e+003,5.134938e+001
2.613343e+003,5.017423e+001
2.615272e+003,5.015739e+001
2.617200e+003,5.011475e+001
2.619129e+003,5.033620e+001
2.621057e+003,4.922134e+001
2.622986e+003,4.963356e+001
2.624914e+003,5.124448e+001
2.626843e+003,5.150651e+001
2.628771e+003,4.878482e+001
2.630699e+003,4.891896e+001
2.632628e+003,4.777068e+001
2.634556e+003,5.066739e+001
2.636485e+003,5.059057e+001
2.638413e+003,5.062678e+001
2.640342e+003,4.928290e+001
2.642270e+003,5.075743e+001
2.644199e+003,4.991558e+001
2.646127e+003,4.980352e+001
2.648056e+003,4.902005e+001
2.649984e+003,4.958847e+001
2.651913e+003,5.024524e+001
2.653841e+003,5.018926e+001
2.655770e+003,4.993452e+001
2.657698e+003,4.927680e+001
2.659626e+003,4.967065e+001
2.661555e+003,4.914047e+001
2.663483e+003,4.977526e+001
2.665412e+003,5.022295e+001
2.667340e+003,4.832703e+001
2.669269e+003,4.988091e+001
2.671197e+003,5.160750e+001
2.673126e+003,5.005651e+001
2.675054e+003,4.807061e+001
2.676983e+003,4.885871e+001
2.678911e+003,5.062265e+001
2.680840e+003,5.039690e+001
2.682768e+003,5.043315e+001
2.684697e+003,5.033555e+001
2.686625e+003,5.030981e+001
2.688553e+003,5.029547e+001
2.690482e+003,5.019876e+001
2.692410e+003,5.107026e+001
2.694339e+003,5.092477e+001
2.696267e+003,4.995360e+001
2.698196e+003,5.050306e+001
2.700124e+003,5.028054e+001
2.702053e+003,4.936956e+001
2.703981e+003,4.945911e+001
2.705910e+003,4.977168e+001
2.707838e+003,5.038868e+001
2.709767e+003,4.894706e+001
2.711695e+003,5.139047e+001
2.713624e+003,5.286888e+001
2.715552e+003,4.935616e+001
2.717480e+003,4.929562e+001
2.719409e+003,4.920980e+001
2.721337e+003,4.854339e+001
2.723266e+003,4.948858e+001
2.725194e+003,5.007748e+001
2.727123e+003,5.125222e+001
2.729051e+003,4.989188e+001
2.730980e+003,5.185830e+001
2.732908e+003,5.017453e+001
2.734837e+003,4.904148e+001
2.736765e+003,5.009543e+001
2.738694e+003,4.979350e+001
2.740622e+003,5.101378e+001
2.742551e+003,5.173339e+001
2.744479e+003,5.146613e+001
2.746407e+003,5.139263e+001
2.748336e+003,5.057227e+001
2.750264e+003,4.923341e+001
2.752193e+003,4.881908e+001
2.754121e+003,5.064576e+001
2.756050e+003,5.056316e+001
2.757978e+003,4.990148e+001
2.759907e+003,5.070299e+001
2.761835e+003,5.178154e+001
2.763764e+003,4.935788e+001
2.765692e+003,4.966874e+001
2.767621e+003,4.995620e+001
2.769549e+003,4.961218e+001
2.771478e+003,4.959079e+001
2.773406e+003,5.101942e+001
2.775334e+003,5.134483e+001
2.777263e+003,5.088156e+001
2.779191e+003,5.147729e+001
2.781120e+003,5.006687e+001
2.783048e+003,4.964805e+001
2.784977e+003,4.849479e+001
2.786905e+003,5.058121e+001
2.788834e+003,5.124347e+001
2.790762e+003,5.185051e+001
2.792691e+003,4.971801e+001
2.794619e+003,5.124020e+001
2.796548e+003,5.153228e+001
2.798476e+003,5.056430e+001
2.800405e+003,4.901786e+001
2.802333e+003,4.940710e+001
2.804261e+003,4.999254e+001
2.806190e+003,5.155814e+001
2.808118e+003,5.026690e+001
2.810047e+003,5.274208e+001
2.811975e+003,5.028435e+001
2.813904e+003,5.017658e+001
2.815832e+003,5.130988e+001
2.817761e+003,5.069716e+001
2.819689e+003,4.864823e+001
2.821618e+003,4.882988e+001
2.823546e+003,5.056943e+001
2.825475e+003,4.938507e+001
2.827403e+003,4.969288e+001
2.829332e+003,5.206061e+001
2.831260e+003,5.084424e+001
2.833188e+003,4.962498e+001
2.835117e+003,4.966133e+001
2.837045e+003,5.156342e+001
2.838974e+003,5.150247e+001
2.840902e+003,5.095840e+001
2.842831e+003,5.247963e+001
2.844759e+003,5.204030e+001
2.846688e+003,4.996120e+001
2.848616e+003,4.844849e+001
2.850545e+003,4.912576e+001
2.852473e+003,5.151430e+001
2.854402e+003,5.032832e+001
2.856330e+003,5.002499e+001
2.858259e+003,5.210372e+001
2.860187e+003,5.119947e+001
2.862115e+003,5.164824e+001
2.864044e+003,5.019526e+001
2.865972e+003,4.944878e+001
2.867901e+003,5.056201e+001
2.869829e+003,5.094173e+001
2.871758e+003,5.084940e+001
2.873686e+003,5.134169e+001
2.875615e+003,5.160469e+001
2.877543e+003,5.001577e+001
2.879472e+003,5.104678e+001
2.881400e+003,5.149760e+001
2.883329e+003,4.940564e+001
2.885257e+003,5.123241e+001
2.887186e+003,5.078962e+001
2.889114e+003,4.998238e+001
2.891042e+003,4.926491e+001
2.892971e+003,5.146150e+001
2.894899e+003,5.131137e+001
2.896828e+003,5.142241e+001
2.898756e+003,5.068538e+001
2.900685e+003,4.972515e+001
2.902613e+003,5.248789e+001
2.904542e+003,5.090195e+001
2.906470e+003,5.040437e+001
2.908399e+003,4.914911e+001
2.910327e+003,5.146918e+001
2.912256e+003,5.047298e+001
2.914184e+003,5.150006e+001
2.916113e+003,5.137865e+001
2.918041e+003,4.962221e+001
2.919969e+003,5.061145e+001
2.921898e+003,5.286610e+001
2.923826e+003,5.067792e+001
2.925755e+003,5.218668e+001
2.927683e+003,5.110935e+001
2.929612e+003,5.096191e+001
2.931540e+003,5.123158e+001
2.933469e+003,5.097133e+001
2.935397e+003,5.027034e+001
2.937326e+003,5.145166e+001
2.939254e+003,5.178311e+001
2.941183e+003,5.187124e+001
2.943111e+003,5.202617e+001
2.945040e+003,5.221362e+001
2.946968e+003,5.220078e+001
2.948896e+003,5.153092e+001
2.950825e+003,5.206176e+001
2.952753e+003,5.246144e+001
2.954682e+003,5.277312e+001
2.956610e+003,5.223714e+001
2.958539e+003,5.218185e+001
2.960467e+003,5.113355e+001
2.962396e+003,5.165738e+001
2.964324e+003,5.235894e+001
2.966253e+003,5.235209e+001
2.968181e+003,5.200692e+001
2.970110e+003,5.199718e+001
2.972038e+003,5.157408e+001
2.973967e+003,5.009175e+001
2.975895e+003,5.237879e+001
2.977823e+003,5.179592e+001
2.979752e+003,5.146071e+001
2.981680e+003,5.234225e+001
2.983609e+003,5.397647e+001
2.985537e+003,5.211965e+001
2.987466e+003,5.128603e+001
2.989394e+003,5.233738e+001
2.991323e+003,5.173301e+001
2.993251e+003,4.958868e+001
2.995180e+003,4.994381e+001
2.997108e+003,5.293642e+001
2.999037e+003,5.161915e+001
3.000965e+003,5.021663e+001
3.002894e+003,4.980971e+001
3.004822e+003,4.983449e+001
3.006750e+003,4.943203e+001
3.008679e+003,4.989921e+001
3.010607e+003,4.969009e+001
3.012536e+003,4.825778e+001
3.014464e+003,4.777187e+001
3.016393e+003,4.946767e+001
3.018321e+003,5.011944e+001
3.020250e+003,4.954171e+001
3.022178e+003,4.650009e+001
3.024107e+003,4.825672e+001
3.026035e+003,4.966004e+001
3.027964e+003,4.727882e+001
3.029892e+003,4.727520e+001
3.031821e+003,4.854121e+001
3.033749e+003,4.736427e+001
3.035677e+003,4.618220e+001
3.037606e+003,4.697344e+001
3.039534e+003,4.756464e+001
3.041463e+003,4.741022e+001
3.043391e+003,4.773651e+001
3.045320e+003,4.573945e+001
3.047248e+003,4.729453e+001
3.049177e+003,4.913801e+001
3.051105e+003,4.768009e+001
3.053034e+003,4.618518e+001
3.054962e+003,4.679435e+001
3.056891e+003,4.784066e+001
3.058819e+003,4.790036e+001
3.060748e+003,4.724102e+001
3.062676e+003,4.717539e+001
3.064604e+003,4.701612e+001
3.066533e+003,4.602604e+001
3.068461e+003,4.607640e+001
3.070390e+003,4.754655e+001
3.072318e+003,5.054567e+001
3.074247e+003,4.663066e+001
3.076175e+003,4.872364e+001
3.078104e+003,4.855647e+001
3.080032e+003,4.766395e+001
3.081961e+003,4.862386e+001
3.083889e+003,4.943657e+001
3.085818e+003,4.974921e+001
3.087746e+003,4.922447e+001
3.089675e+003,5.019734e+001
3.091603e+003,4.950253e+001
3.093531e+003,4.941850e+001
3.095460e+003,4.921592e+001
3.097388e+003,4.869497e+001
3.099317e+003,4.995329e+001
3.101245e+003,4.948966e+001
3.103174e+003,4.978930e+001
3.105102e+003,5.027217e+001
3.107031e+003,4.987153e+001
3.108959e+003,4.973065e+001
3.110888e+003,4.952187e+001
3.112816e+003,4.972618e+001
3.114745e+003,4.926039e+001
3.116673e+003,5.041263e+001
3.118602e+003,4.987391e+001
3.120530e+003,5.162396e+001
3.122458e+003,4.956438e+001
3.124387e+003,5.030973e+001
3.126315e+003,5.155832e+001
3.128244e+003,5.179177e+001
3.130172e+003,5.059756e+001
3.132101e+003,5.090719e+001
3.134029e+003,5.097964e+001
3.135958e+003,5.209578e+001
3.137886e+003,5.217302e+001
3.139815e+003,5.047945e+001
3.141743e+003,4.966156e+001
3.143672e+003,4.959946e+001
3.145600e+003,5.202816e+001
3.147529e+003,5.097169e+001
3.149457e+003,5.080495e+001
3.151385e+003,5.175486e+001
3.153314e+003,5.310582e+001
3.155242e+003,5.127894e+001
3.157171e+003,5.104559e+001
3.159099e+003,5.184919e+001
3.161028e+003,5.159178e+001
3.162956e+003,5.225550e+001
3.164885e+003,5.308488e+001
3.166813e+003,5.077708e+001
3.168742e+003,5.041959e+001
3.170670e+003,5.000809e+001
3.172599e+003,5.235088e+001
3.174527e+003,5.240218e+001
3.176456e+003,5.160504e+001
3.178384e+003,5.091712e+001
3.180313e+003,4.978976e+001
3.182241e+003,5.001437e+001
3.184169e+003,4.990065e+001
3.186098e+003,5.034996e+001
3.188026e+003,5.152206e+001
3.189955e+003,5.093620e+001
3.191883e+003,5.176015e+001
3.193812e+003,5.067089e+001
3.195740e+003,5.037753e+001
3.197669e+003,5.122821e+001
3.199597e+003,5.218198e+001
3.201526e+003,5.147912e+001
3.203454e+003,5.098368e+001
3.205383e+003,5.094137e+001
3.207311e+003,5.065333e+001
3.209240e+003,5.155925e+001
3.211168e+003,5.074072e+001
3.213096e+003,4.876602e+001
3.215025e+003,5.115191e+001
3.216953e+003,5.086969e+001
3.218882e+003,5.046030e+001
3.220810e+003,4.975869e+001
3.222739e+003,4.867886e+001
3.224667e+003,5.018012e+001
3.226596e+003,5.127533e+001
3.228524e+003,4.986011e+001
3.230453e+003,4.876838e+001
3.232381e+003,4.973917e+001
3.234310e+003,4.920168e+001
3.236238e+003,5.080204e+001
3.238167e+003,5.070404e+001
3.240095e+003,5.207876e+001
3.242023e+003,4.992694e+001
3.243952e+003,4.952675e+001
3.245880e+003,5.087009e+001
3.247809e+003,5.052823e+001
3.249737e+003,4.928296e+001
3.251666e+003,5.053449e+001
3.253594e+003,4.869092e+001
3.255523e+003,5.126640e+001
3.257451e+003,5.061861e+001
3.259380e+003,5.065351e+001
3.261308e+003,5.020114e+001
3.263237e+003,4.962844e+001
3.265165e+003,4.954773e+001
3.267094e+003,4.953033e+001
3.269022e+003,4.934305e+001
3.270950e+003,4.854815e+001
3.272879e+003,4.790405e+001
3.274807e+003,4.930363e+001
3.276736e+003,4.995507e+001
3.278664e+003,5.018042e+001
3.280593e+003,5.111478e+001
3.282521e+003,5.221618e+001
3.284450e+003,5.075145e+001
3.286378e+003,5.166825e+001
3.288307e+003,5.151805e+001
3.290235e+003,5.081601e+001
3.292164e+003,5.072978e+001
3.294092e+003,4.920840e+001
3.296021e+003,5.080956e+001
3.297949e+003,5.182143e+001
3.299877e+003,5.162301e+001
3.301806e+003,5.131087e+001
3.303734e+003,5.131382e+001
3.305663e+003,5.145965e+001
3.307591e+003,5.203610e+001
3.309520e+003,5.021237e+001
3.311448e+003,4.880784e+001
3.313377e+003,4.818575e+001
3.315305e+003,4.818408e+001
3.317234e+003,5.050863e+001
3.319162e+003,4.962741e+001
3.321091e+003,4.765849e+001
3.323019e+003,4.888417e+001
3.324948e+003,5.018854e+001
3.326876e+003,5.109848e+001
3.328804e+003,5.007713e+001
3.330733e+003,5.003098e+001
3.332661e+003,4.853011e+001
3.334590e+003,4.695664e+001
3.336518e+003,4.960406e+001
3.338447e+003,5.175869e+001
3.340375e+003,4.838654e+001
3.342304e+003,4.930846e+001
3.344232e+003,4.965038e+001
3.346161e+003,4.956992e+001
3.348089e+003,5.079208e+001
3.350018e+003,4.890409e+001
3.351946e+003,5.020157e+001
3.353875e+003,4.955906e+001
3.355803e+003,4.881801e+001
3.357731e+003,4.969087e+001
3.359660e+003,5.032237e+001
3.361588e+003,5.009544e+001
3.363517e+003,4.945412e+001
3.365445e+003,5.020885e+001
3.367374e+003,4.842184e+001
3.369302e+003,4.883151e+001
3.371231e+003,5.068962e+001
3.373159e+003,5.182798e+001
3.375088e+003,4.927735e+001
3.377016e+003,4.916510e+001
3.378945e+003,5.002389e+001
3.380873e+003,4.893573e+001
3.382802e+003,4.867437e+001
3.384730e+003,4.770048e+001
3.386658e+003,4.935929e+001
3.388587e+003,4.844285e+001
3.390515e+003,4.997335e+001
3.392444e+003,4.917965e+001
3.394372e+003,5.163463e+001
3.396301e+003,5.044485e+001
3.398229e+003,4.917575e+001
3.400158e+003,4.986756e+001
3.402086e+003,0.000000e+000
3.404015e+003,0.000000e+000
3.405943e+003,0.000000e+000
3.407872e+003,0.000000e+000
3.409800e+003,0.000000e+000
3.411729e+003,0.000000e+000
3.413657e+003,0.000000e+000
3.415585e+003,0.000000e+000
3.417514e+003,0.000000e+000
3.419442e+003,0.000000e+000
3.421371e+003,0.000000e+000
3.423299e+003,0.000000e+000
3.425228e+003,0.000000e+000
3.427156e+003,0.000000e+000
3.429085e+003,0.000000e+000
3.431013e+003,0.000000e+000
3.432942e+003,0.000000e+000
3.434870e+003,0.000000e+000
3.436799e+003,0.000000e+000
3.438727e+003,0.000000e+000
3.440656e+003,0.000000e+000
3.442584e+003,0.000000e+000
3.444512e+003,0.000000e+000
3.446441e+003,0.000000e+000
3.448369e+003,0.000000e+000
3.450298e+003,0.000000e+000
3.452226e+003,0.000000e+000
3.454155e+003,0.000000e+000
3.456083e+003,0.000000e+000
3.458012e+003,0.000000e+000
3.459940e+003,0.000000e+000
3.461869e+003,0.000000e+000
3.463797e+003,0.000000e+000
3.465726e+003,0.000000e+000
3.467654e+003,0.000000e+000
3.469583e+003,0.000000e+000
3.471511e+003,0.000000e+000
3.473439e+003,0.000000e+000
3.475368e+003,0.000000e+000
3.477296e+003,0.000000e+000
3.479225e+003,0.000000e+000
3.481153e+003,0.000000e+000
3.483082e+003,0.000000e+000
3.485010e+003,0.000000e+000
3.486939e+003,0.000000e+000
3.488867e+003,0.000000e+000
3.490796e+003,0.000000e+000
3.492724e+003,0.000000e+000
3.494653e+003,0.000000e+000
3.496581e+003,0.000000e+000
3.498510e+003,0.000000e+000
3.500438e+003,0.000000e+000
